$ANSIBLE_VAULT;1.1;AES256
66626534333232643063663130643135623466666363646665303031363161616539653833363466
3761666633346632323933643736643261373030663934320a303665336130633166636634333832
32383538663631336536626139393237613331646262633938326163346332633361653165666264
3231373331383566310a386338316339343561646631616534306463616235643132643634313337
31336564303362336637343739303863626165336265376166613234373930393130636135656338
61626165636563613637663535363366633164666339656236393662383935323466343335356639
63363538356661636530613561343932373831393939383630623939656166623436313634333737
35396433333365383539373065366332333363633539363265366236616135336661326134383333
62363861326433656333383036363130343062663662633435623932366131613738663236353232
63623234633735396536623934303834643164346433666639343465376639646566663938663030
38376464666536343735343865393363346130383034343739383635376633373637356265373533
39616237313763303364373761643763643735313330613236336366333761656339376363343234
63303662333431316431643736323639346163383930313036646633666163376635303265323832
61333931616564353133623162386631623339376465333431623734626665373762366463353131
63353939616265373364656238303031323336356631623134663534626662346632663839636266
63643464353661373033626564396331666161376432646138333033636264303734656432353563
66396666643838623839393337373936313531366231626465306139366466356234333266626438
38363333323361373365343436313137616366633238653936366535306637343531306631376532
64666261653561613663643635383638333365336539633061663065613138306163653836386235
36346238366230383864643461383330643962666431623934386131616364313139313931613061
62626166333261646265316337336230306336323031396635316662306237393261623734633031
6264353732643036393362333161663835663831633530636537
